_ 30 24 20 30 31 12 32 24 8 14 9 15 6 27 31 15 5 10 8
32 _ 20 5 25 10 16 14 21 12 12 18 27 18 19 8 25 5 32 8
16 2 _ 20 32 8 4 30 9 29 12 23 9 12 8 11 9 21 18 2
27 30 27 _ 22 3 7 16 25 9 23 24 24 24 26 25 23 7 6 27
32 28 32 28 _ 4 4 8 2 9 31 4 4 8 32 29 14 27 5 21
27 25 5 14 30 _ 19 27 15 7 17 15 15 14 8 23 6 27 15 29
2 15 32 9 28 3 _ 4 8 20 12 28 7 15 28 21 4 2 8 14
22 19 18 11 16 8 8 _ 25 7 32 18 17 9 17 4 10 15 29 13
9 16 6 17 22 8 14 13 _ 4 28 7 13 25 4 21 4 21 11 19
6 13 18 21 32 23 32 26 18 _ 29 30 31 21 32 30 11 13 3 16
8 10 27 24 12 25 13 28 29 6 _ 8 28 26 5 23 25 30 27 24
22 27 13 30 25 3 7 15 24 8 7 _ 28 30 14 7 26 22 18 14
7 26 25 6 13 14 17 2 30 2 11 16 _ 31 13 5 15 17 18 7
30 32 32 19 3 22 19 24 24 14 10 24 13 _ 5 5 14 30 5 2
27 32 16 15 12 18 13 17 3 6 30 24 23 11 _ 32 29 28 31 4
10 13 20 29 18 3 10 25 25 14 20 3 12 31 30 _ 15 26 28 6
8 27 26 19 28 27 29 4 10 21 4 30 10 29 19 23 _ 30 31 2
16 28 28 27 10 26 21 24 9 16 20 22 9 17 26 9 19 _ 7 8
19 2 13 22 16 11 26 15 10 30 18 25 31 29 28 3 16 2 _ 31
8 14 4 6 8 11 32 25 8 6 21 17 16 13 31 20 16 15 26 _
